12
43
47
86
91
94
98
192
220
225
271
282
301
304
329
333
367
373
484
486
562
612
636
652
663
668
677
695
731
734
737
762
801
844
864
875
898
906
910
911
953
966
1059
1193
1205
1224
1301
1347
1366
1373
1390
1403
1407
1481
1505
1539
1620
1639
1721
1737
1738
1739
1769
1826
1843
1868
1878
1886
1923
1945
2018
2049
2055
2076
2112
2129
2157
2241
2243
2260
2313
2345
2417
2456
2463
2496
2497
2546
2562
2596
2605
2622
2705
2715
2717
2731
2733
2760
2767
2802
2840
2868
2896
2897
2903
2914
2923
2946
2949
3016
3026
3075
3150
3185
3190
3219
3232
3239
3243
3283
3300
3307
3375
3394
3430
3465
3472
3474
3486
3537
3614
3625
3703
3760
3765
3815
3839
3960
3974
4029
4037
4054
4114
4150
4171
4191
4215
4279
4331
4418
4444
4515
4564
4584
4588
4621
4641
4642
4654
4681
4684
4727
4770
4829
4833
4876
4877
4949
5032
5133
5145
5164
5197
5241
5272
5344
5364
5367
5441
5608
5619
5620
5667
5720
5766
5785
5796
5802
5806
5848
5856
5871
5891
6036
6043
6049
6112
6139
6164
6201
6225
6244
6275
6309
6367
6430
6433
6434
6444
6484
6485
6503
6603
6608
6619
6620
6625
6627
6646
6668
6741
6787
6846
6872
6928
6929
6935
6937
6946
6966
6981
6987
7013
7028
7037
7040
7083
7089
7096
7184
7202
7233
7241
7263
7265
7286
7291
7337
7400
7415
7427
7434
7437
7457
7463
7508
7566
7652
7716
7775
7809
7833
7835
7863
7866
7910
7924
7972
7973
7979
8068
8071
8113
8134
8177
8186
8187
8269
8317
8337
8343
8354
8364
8399
8462
8464
8467
8501
8539
8588
8611
8624
8661
8677
8693
8722
8763
8765
8788
8842
8853
8863
8909
8910
8932
8963
9040
9092
9094
9116
9168
9169
9182
9229
9350
9362
9428
9493
9554
9573
9679
9750
9752
9762
9794
9803
9826
9830
9856
9935
9951
10030
10043
10054
10060
10071
10113
10128
10148
10236
10246
10267
10301
10312
10316
10317
10376
10409
10418
10476
10497
10500
10535
10538
10562
10566
10604
10623
10624
10638
10670
10745
10746
10795
10813
10840
10843
10873
10884
10892
10905
10911
10958
10971
10973
10984
10985
11063
11066
11080
11084
11130
11136
11156
11160
11175
11179
11217
11231
11278
11287
11367
11485
11503
11541
11568
11572
11574
11589
11618
11648
11676
11741
11757
11834
11858
11916
11918
11947
11970
12081
12121
12141
12151
12182
12186
12201
12206
12259
12316
12326
12370
12439
12453
12456
12528
12529
12581
12620
12623
12691
12810
12892
12907
12947
12951
12971
13012
13238
13260
13353
13380
13421
13435
13436
13446
13481
13493
13505
13548
1003159
13557
13574
13620
13634
13643
13666
13797
13801
13830
13893
13907
13919
13945
14070
14083
14095
14102
14201
14332
14394
14398
14399
14411
14455
14466
14564
14627
14652
14658
14726
14759
14801
14823
14827
14835
14880
15060
15106
15425
15426
15454
15513
15607
15626
15659
15665
15707
15711
15715
15717
15736
15737
15767
15772
15783
15787
15801
15944
17438
17528
17700
17720
18422
19187
19346
19655
19688
19689
19714
19877
19945
20022
20691
20722
20748
20766
20767
20774
20780
21379
21540
21550
21558
21773
22150
22153
22180
22227
22272
22348
22534
22596
22618
22662
22772
22784
23166
23169
23179
23206
23249
23534
23978
24007
24010
24046
24216
24308
24346
24428
24946
25013
25293
25360
25468
25568
25664
25803
25860
25938
25976
26008
26092
26141
26230
26393
26703
27360
27370
27375
27461
27519
27687
27929
27957
28071
28120
28375
28545
28943
28962
29173
29183
29338
29366
29440
29578
29590
30000
30328
30346
30520
30553
30734
30835
31034
31035
31094
31220
31261
31304
31426
31660
31814
31843
31901
32066
32108
32135
32237
32323
32475
32477
32582
32601
32634
36195
36266
36267
36272
36341
36344
36398
36426
36439
36906
37027
37221
37699
37760
38124
38247
38327
38447
38470
38525
38745
38792
38851
38887
38932
38950
39005
39182
39186
39292
39296
39361
39667
39752
39842
40034
40213
40319
40555
40828
40928
41064
42361
42512
42544
42654
42862
42903
42907
43203
43226
43258
43503
43530
44275
44471
44507
44586
44588
44622
44629
44633
44647
44662
44894
44947
44951
45132
45320
45324
45477
45929
46009
46261
46312
46438
46471
46665
46705
46970
47253
47277
47582
47740
48164
48283
48817
48886
48906
48938
49133
49155
49162
49328
49363
49454
49578
49626
49704
49779
50116
50119
50235
50487
57637
60054
68058
78746
78747
78999
82892
84296
93998
96755
97033
98970
101577
101589
102195
102662
105953
108091
108284
108965
109072
109449
109472
109509
109655
110275
110976
112085
112466
113350
113656
114103
114402
114684
114927
115130
115594
116082
116532
117541
118046
118426
118707
118968
119053
119139
119167
119396
120002
120220
120356
120692
120787
120820
121749
124525
125568
125722
125918
130812
131831
131873
131883
131923
132104
132489
132780
132781
133013
138578
162811
173347
173520
173524
174118
174481
174497
174618
174890
175321
175528
175725
175799
175861
175909
175911
175919
176700
176825
176923
176957
177058
177511
177531
177650
177655
177660
177744
177963
178205
178333
178390
178532
178620
178706
178715
178732
178806
178841
178996
179014
179206
179210
179573
179881
180152
180469
180482
180662
180889
180971
181119
181219
181417
181548
181602
181792
181871
181894
181932
182143
182158
182348
182604
182986
183400
183801
183993
184071
184402
184422
184515
184568
184577
185020
185069
185154
185421
185555
185693
185810
185850
185861
185890
185905
186868
186908
186910
186930
186975
187055
187228
187253
187341
187444
187900
187905
187906
187907
187919
187922
187940
187969
187971
187973
187975
187980
188016
188028
188035
188128
188179
188216
188221
188223
188266
188290
188354
188378
188382
188406
188416
188418
188421
188504
188542
188549
188596
188698
188714
188849
189020
189039
189052
189058
189460
189633
189774
190021
190690
1000149
1000176
1000185
1000375
1000565
1000663
1000707
1000773
1000810
1000880
1000896
1000909
1000940
1000946
1001020
1001021
1001042
1001072
1001117
1001118
1001249
1001310
1001366
1001408
1001455
1001508
1001623
1001778
1001788
1001906
1001969
1002195
1002213
1002282
1002365
1002447
1002448
1002534
1002579
1002582
1002647
1002790
1002873
1002876
1002937
1002989
1003006
1003012
1003028
1003159
1003176
1003245
1003343
1003349
1003455
1003486
1003538
1003542
1003553
1003643
1003730
1003766
1003814
1003822
1003837
1003842
1003925
1003964
1003991
1004069
1004079
1004170
1004295
1004331
1004379
1004388
1004405
1004514
1004642
1004810
1004835
1004976
1005051
1005103
1005290
1005330
1005404
1005449
1005453
1005458
1005856
1005868
1005990
1006120
1006191
1006221
1006224
1006693
1006724
1006864
1006879
1006883
1006902
1007032
1007098
1007207
1007223
1007562
1007600
1007849
1007969
1007995
1008007
1008122
1008224
1008268
1008299
1008309
1008403
1008814
1008959
1009041
1009146
1009343
1009868
1010559
1010667
1010813
1011349
1011364
1011668
1011819
1011863
1012042
1013167
1013637
1013670
1013671
1013850
1013976
1014352
1014502
1015003
1015038
1016394
1016571
1016581
1016665
1016822
1016850
1016895
1016950
1016998
1017137
1017156
1017266
1017306
1017333
1017362
1017373
1017584
1017906
1017956
1018013
2006256
2006302
2006341
2006360
2006381
2006395
2006432
2006442
2006449
2006483
2006512
2006532
2006535
2006541
2006546
2006552
2006699
2010030
2010036
2010185
2010194
2010218
2010228
2010253
2010273
2010301
2010455
2010478
2010530
3000027
3000066
3000214
3000223
3000256
3000267
3000383
3000445
3000506
3000534
3000571
3000579
3000617
3000640
3000685
3000747
3000768
3000860
3000953
3001000
3001011
3001085
3001094
3001122
3001156
3001269
3001419
3001460
3001476
3001618
3001649
3001657
3001826
3001868
3001871
3001875
3001884
3001893
3002024
3002121
3002125
3004138
3004882
3004970
3011130
3012914
3013211
3014129
3014484
3014662
3016128
3016619
3016663
3016682
3016702
3016711
3016728
3016731
3016775
3016836
3016885
3016960
3016979
3017103
3017179
3017192
3017275
3017383
3017392
3017405
3017536
3017569
3017599
3017626
3017681
3017692
3017793
3017848
3017934
3018051
3018080
3018103
3018137
3018142
3018151
3018170
3018231
3018253
3018338
3018346
3018351
3018381
3018422
3018439
3018494
3018550
3018556
3018575
3018729
3018806
3018838
3018914
3018923
3018968
3019136
3019183
3019342
3019486
4006244
4006699
4006894
4007344
4007566
4008047
4008054
4008192
4008330
4008871
4009007
4009155
4009529
4009581
4009614
4009828
4010028
4010259
4010337
4010361
4010413
4010416
5000264
5000338
5000626
5000718
5001338
5001494
5001984
5001988
5002823
6000054
6000081
6000082
6000131
6000182
6000361
6000442
6000498
6000801
6001617
6001817
6001865
6001984
7000054
7000132
7000174
7000190
7000463
7000818
7000915
7000947
7000967
7001057
7001069
7001085
7001115
7001119
7002048
7002092
7002098
7002293
7002400
7002475
7002757
7003147
7003246
7003250
7003291
7003658
7003751
7003941
7004051
7004060
7004209
7004249
7004255
7004624
7004945
